# Created by Octave 6.4.0, Wed Jan 05 18:39:03 2022 -03 <gala@trismegistus>
# name: XK1_DFP
# type: matrix
# rows: 2
# columns: 9
 9 8.9937876276141733 1.2405353961069618 1.9321155451467968 1.7841266656859309 1.0546009842804862 1.004142497196681 0.99993245798736052 0.99998380861672043
 9 8.9899791599916714 3.3897034622547109 0.78526607011878014 0.8311826345267801 1.0087895388282107 1.0027368591436339 1.0002331306008381 1.000011102578511


# name: Hfobj_DFP
# type: matrix
# rows: 9
# columns: 1
 122.93119999999999
 122.63940377634421
 6.0988891269763315
 0.50156922917115099
 0.34847994165622403
 0.0015721887115402557
 1.6072948211624986e-05
 5.6631163916513328e-08
 2.5434762020289629e-10


